<?xml version="1.0" encoding="UTF-8"?>
<kml xmlns="http://www.opengis.net/kml/2.2" xmlns:gx="http://www.google.com/kml/ext/2.2" xmlns:kml="http://www.opengis.net/kml/2.2" xmlns:atom="http://www.w3.org/2005/Atom">
<Document>
	<name>ShiTangRenJia.kml</name>
	<Style id="s_ylw-pushpin_hl">
		<IconStyle>
			<scale>1.3</scale>
			<Icon>
				<href>http://maps.google.com/mapfiles/kml/pushpin/ylw-pushpin.png</href>
			</Icon>
			<hotSpot x="20" y="2" xunits="pixels" yunits="pixels"/>
		</IconStyle>
	</Style>
	<StyleMap id="m_ylw-pushpin">
		<Pair>
			<key>normal</key>
			<styleUrl>#s_ylw-pushpin</styleUrl>
		</Pair>
		<Pair>
			<key>highlight</key>
			<styleUrl>#s_ylw-pushpin_hl</styleUrl>
		</Pair>
	</StyleMap>
	<Style id="s_ylw-pushpin">
		<IconStyle>
			<scale>1.1</scale>
			<Icon>
				<href>http://maps.google.com/mapfiles/kml/pushpin/ylw-pushpin.png</href>
			</Icon>
			<hotSpot x="20" y="2" xunits="pixels" yunits="pixels"/>
		</IconStyle>
	</Style>
	<Placemark>
		<name>ShiTangRenJia</name>
		<styleUrl>#m_ylw-pushpin</styleUrl>
		<Polygon>
			<tessellate>1</tessellate>
			<outerBoundaryIs>
				<LinearRing>
					<coordinates>
						118.7070166456822,31.73025296604452,0 118.7067334372084,31.72982072310921,0 118.7069190587301,31.72935461050368,0 118.706765617194,31.72867481197764,0 118.7068504740391,31.72786873380052,0 118.7068601314372,31.72781462392691,0 118.7070373450133,31.7270498368743,0 118.7067134162193,31.72725800718347,0 118.7065043777097,31.72745499075271,0 118.7062743951069,31.72784679051575,0 118.705956288108,31.72814136774804,0 118.7056590311108,31.72836951610699,0 118.7053529045848,31.728167272484,0 118.7049414258462,31.72789178863524,0 118.7044909765423,31.72780446264156,0 118.7041075496179,31.72774135573754,0 118.7038772831067,31.72724043771815,0 118.7038941606352,31.72669144004059,0 118.7041796580396,31.72627969507457,0 118.7045005299928,31.72542337915107,0 118.704769520439,31.72485855059444,0 118.7051255913965,31.72399310696845,0 118.7054995596022,31.72386744317353,0 118.7060151510889,31.72373129427402,0 118.7063133538483,31.72357652208868,0 118.7065770325554,31.72358329718476,0 118.7066096112034,31.72359682844156,0 118.7069169184607,31.72362853610172,0 118.7066687075295,31.72316550304158,0 118.7065705725543,31.7229800343814,0 118.7066887391453,31.72276362494202,0 118.7069842279987,31.72292035244325,0 118.7072111656725,31.72307948153537,0 118.7073844314076,31.72306715946795,0 118.7076088933516,31.72274948506689,0 118.7076085252908,31.72231014826934,0 118.7074463698058,31.72219622739032,0 118.7069632692264,31.72207431866482,0 118.7069293475374,31.72181957884932,0 118.707182719834,31.72172348401266,0 118.7074262576491,31.72166089641038,0 118.7077825075236,31.72160444494369,0 118.7090720874205,31.72142304839642,0 118.7091802459234,31.72164259462714,0 118.7092390223376,31.72250498633389,0 118.7092526324814,31.72255748588655,0 118.7093388978943,31.72306615062537,0 118.7093702350776,31.72311212353703,0 118.7100049242085,31.7240249474048,0 118.71093456549,31.72529739852927,0 118.7112728468457,31.72533146129921,0 118.7118483480928,31.72540938748998,0 118.712024766046,31.72567709713324,0 118.7120987135709,31.72634605692488,0 118.7119124153241,31.72658305715997,0 118.711719395097,31.72702212963801,0 118.7116488560125,31.72748595741151,0 118.7117465862034,31.72784316667804,0 118.7119929327481,31.7281931316486,0 118.7124389211995,31.7284616283766,0 118.7129854330643,31.72871098911449,0 118.7132998495869,31.7292815310809,0 118.7133055362681,31.72933270092272,0 118.713401057852,31.72981187079158,0 118.713246794228,31.73044602915036,0 118.713257756095,31.73113011404759,0 118.7131909096143,31.73150852846268,0 118.7132737097162,31.73181290235154,0 118.7112756090149,31.73143262893809,0 118.7112358085134,31.7323009824779,0 118.7102140767992,31.73208729138377,0 118.709786864348,31.73055921694983,0 118.7070166456822,31.73025296604452,0 
					</coordinates>
				</LinearRing>
			</outerBoundaryIs>
		</Polygon>
	</Placemark>
</Document>
</kml>
